97409553.025634 1.2021910895 1.1041796059 1.0591866370 -0.6385889331 -0.5744051847 -0.4804939990
97729939.827664 1.1675173966 1.0866488585 1.0304417558 -0.6258661672 -0.5520063757 -0.4730793136
98050326.629694 1.1308219286 1.0647335521 1.0015294995 -0.6099325857 -0.5306565197 -0.4648501626
98370713.431725 1.0934659423 1.0388910685 0.9724459444 -0.5918417345 -0.5107664579 -0.4553478223
98691100.233755 1.0565752942 1.0097818357 0.9430604353 -0.5726726214 -0.4924779599 -0.4442244844
99011487.035786 1.0214452588 0.9786397749 0.9135534043 -0.5536965968 -0.4758991688 -0.4314520490
99331873.837816 0.9885168554 0.9463895867 0.8836763628 -0.5357659325 -0.4606709197 -0.4170293977
99652260.639847 0.9582211885 0.9142522912 0.8534743484 -0.5196947293 -0.4464393812 -0.4012433379
99972647.441877 0.9309245542 0.8836897677 0.8233424890 -0.5061659524 -0.4328857060 -0.3847061923
100293034.243908 0.9063215194 0.8555905027 0.7933363055 -0.4953786499 -0.4194781455 -0.3679258559
100613421.045938 0.8842840680 0.8310761290 0.7640166424 -0.4874548985 -0.4059145678 -0.3517118668
100933807.847969 0.8645424723 0.8110181836 0.7360497130 -0.4822501587 -0.3919990808 -0.3369067644
101254194.649999 0.8466450679 0.7959096654 0.7099919572 -0.4793939558 -0.3775743390 -0.3242303796
101574581.452029 0.8303554488 0.7861780891 0.6867369796 -0.4784196756 -0.3627851864 -0.3144758876
101894968.254060 0.8154117345 0.7819030357 0.6670552324 -0.4787530711 -0.3478660032 -0.3082451948
102215355.056090 0.8016685093 0.7829600814 0.6517087959 -0.4798000710 -0.3331968901 -0.3060047567
102535741.858121 0.7891990307 0.7890088941 0.6414796305 -0.4809873605 -0.3193708812 -0.3080504451
102856128.660151 0.7781488130 0.7995500131 0.6369550118 -0.4818249010 -0.3069901578 -0.3144709111
103176515.462182 0.7688605081 0.8139477388 0.6386226146 -0.4819377116 -0.2967613967 -0.3251542008
103496902.264212 0.7618129909 0.8314718033 0.6467744306 -0.4811043821 -0.2893990013 -0.3397753154
103817289.066243 0.7575821565 0.8513926278 0.6615089883 -0.4792766344 -0.2855632063 -0.3578514603
104137675.868273 0.7568271060 0.8729639495 0.6826797839 -0.4765928403 -0.2858355991 -0.3787116962
104458062.670304 0.7602330960 0.8955789023 0.7099863136 -0.4733633220 -0.2906655818 -0.4016353113
104778449.472334 0.7684508290 0.9186473050 0.7428028512 -0.4700754520 -0.3003129099 -0.4257334365
105098836.274365 0.7820520131 0.9418001983 0.7803879497 -0.4673401935 -0.3148375285 -0.4501691848
105419223.076395 0.8015073210 0.9648659660 0.8218949322 -0.4658611674 -0.3341060062 -0.4741649830
105739609.878425 0.8269714583 0.9877253872 0.8661106393 -0.4663873103 -0.3576274451 -0.4968943265
106059996.680456 0.8585338850 1.0106231218 0.9120904381 -0.4696419232 -0.3848461231 -0.5178549748
106380383.482486 0.8958870424 1.0338459080 0.9586506739 -0.4762643892 -0.4148812814 -0.5366039160
106700770.284517 0.9382779780 1.0577411657 1.0045367890 -0.4866908353 -0.4465817334 -0.5528851237
107021157.086547 0.9851266623 1.0829918481 1.0491126983 -0.5012597073 -0.4790332386 -0.5668510602
107341543.888578 1.0349757456 1.1099524172 1.0912938678 -0.5198785592 -0.5108427295 -0.5786731347
107661930.690608 1.0862994766 1.1389872911 1.1304352367 -0.5421603807 -0.5408049349 -0.5888153625
107982317.492639 1.1379179259 1.1706026911 1.1664884870 -0.5676479597 -0.5681116517 -0.5979847860
108302704.294669 1.1876398657 1.2045132010 1.1989765745 -0.5951409832 -0.5916424702 -0.6068065101
108623091.096700 1.2339093720 1.2404758408 1.2280902226 -0.6234581783 -0.6108907915 -0.6160191854
108943477.898730 1.2753100157 1.2779533614 1.2541807530 -0.6512710950 -0.6256350950 -0.6262803274
109263864.700760 1.3102493345 1.3156659100 1.2774384330 -0.6768872930 -0.6358406853 -0.6379549891
109584251.502791 1.3378967335 1.3523904343 1.2983370901 -0.6989427537 -0.6419424459 -0.6512438129
109904638.304821 1.3576298707 1.3864661135 1.3171486613 -0.7161130147 -0.6445749402 -0.6659683480
110225025.106852 1.3692667325 1.4160440494 1.3339545364 -0.7273667367 -0.6445675957 -0.6815644971
110545411.908882 1.3731289879 1.4394826902 1.3487148588 -0.7321505085 -0.6428228033 -0.6972426408
110865798.710913 1.3698337223 1.4551523530 1.3610343949 -0.7303058873 -0.6401925653 -0.7118731759
111186185.512943 1.3602872951 1.4618557608 1.3703317624 -0.7221648912 -0.6373636117 -0.7242466796
111506572.314974 1.3455170119 1.4588489139 1.3758486818 -0.7084511074 -0.6347745500 -0.7331649043
111826959.117004 1.3265784779 1.4459317576 1.3767493796 -0.6902073939 -0.6325810086 -0.7375758694
112147345.919035 1.3043923447 1.4234256544 1.3722520693 -0.6686080779 -0.6306579192 -0.7367177357
112467732.721065 1.2798144576 1.3922531473 1.3617782337 -0.6449522391 -0.6286704043 -0.7302038252
112788119.523095 1.2533665798 1.3535515317 1.3449763778 -0.6203022752 -0.6261437981 -0.7180154393
113108506.325126 1.2254971715 1.3088120011 1.3218552079 -0.5956316271 -0.6225863403 -0.7005117760
113428893.127156 1.1965953279 1.2597429232 1.2928449238 -0.5717329708 -0.6175913450 -0.6784079224
113749279.929187 1.1667727731 1.2076448341 1.2584493263 -0.5489933041 -0.6108539197 -0.6524366496
114069666.731217 1.1364130096 1.1541521524 1.2196749649 -0.5278295894 -0.6022935373 -0.6236252033
114390053.533248 1.1057999252 1.1004725873 1.1775010851 -0.5084123863 -0.5919709966 -0.5928702597
114710440.335278 1.0751655480 1.0474324222 1.1327546685 -0.4907896739 -0.5800254019 -0.5608597626
115030827.137309 1.0451442722 0.9963035401 1.0867276076 -0.4751943888 -0.5668085410 -0.5285357235
115351213.939339 1.0159925659 0.9475485682 1.0400263606 -0.4616471032 -0.5525298705 -0.4963088498
115671600.741370 0.9880509645 0.9017429492 0.9932766056 -0.4502619436 -0.5373942588 -0.4646047382
115991987.543400 0.9618863130 0.8598846987 0.9475021883 -0.4412581437 -0.5217147935 -0.4341366083
116312374.345430 0.9374514309 0.8221095052 0.9027662977 -0.4346337454 -0.5054379150 -0.4050143000
116632761.147461 0.9148943159 0.7890367747 0.8596230348 -0.4304473318 -0.4886223592 -0.3777269555
116953147.949491 0.8942514642 0.7612285878 0.8186634465 -0.4286403819 -0.4713212506 -0.3528152573
117273534.751522 0.8752405253 0.7388783378 0.7800800697 -0.4290180825 -0.4534111777 -0.3305950722
117593921.553552 0.8576995506 0.7223328467 0.7444916739 -0.4312823579 -0.4349692893 -0.3116339354
117914308.355583 0.8413614174 0.7116953315 0.7124166674 -0.4350144422 -0.4160878872 -0.2963975175
118234695.157613 0.8259415661 0.7069076307 0.6843528207 -0.4397208389 -0.3969168084 -0.2852867277
118555081.959644 0.8112973880 0.7077778110 0.6609694449 -0.4448316693 -0.3778219877 -0.2786870117
118875468.761674 0.7973174852 0.7139259477 0.6428022098 -0.4497857880 -0.3592042911 -0.2768204217
119195855.563705 0.7840508650 0.7248252607 0.6303975613 -0.4540449379 -0.3416134048 -0.2797859869
119516242.365735 0.7716864890 0.7398153314 0.6242067353 -0.4571494774 -0.3256781189 -0.2875120847
119836629.167766 0.7605494678 0.7581503374 0.6245533978 -0.4587577370 -0.3120653227 -0.2997574048
120157015.969796 0.7511115417 0.7789975076 0.6315965719 -0.4586734269 -0.3014666701 -0.3160838261
120477402.771826 0.7439075756 0.8016105328 0.6453539557 -0.4568625137 -0.2944901276 -0.3359738840
120797789.573857 0.7395881177 0.8251440056 0.6655834652 -0.4534673158 -0.2917113577 -0.3586673234
121118176.375887 0.7387853425 0.8489081093 0.6918747420 -0.4487907632 -0.2935383609 -0.3833724153
121438563.177918 0.7421187788 0.8723874432 0.7237380421 -0.4432567555 -0.3002505649 -0.4093224333
121758949.979948 0.7501027209 0.8950102825 0.7602688180 -0.4374408693 -0.3118938711 -0.4355352129
122079336.781979 0.7631586509 0.9165376866 0.8006957287 -0.4319406782 -0.3283822979 -0.4612746617
122399723.584009 0.7815500238 0.9367925291 0.8440585187 -0.4273965056 -0.3494314202 -0.4857903233
122720110.386040 0.8052258208 0.9556260680 0.8890997711 -0.4244430004 -0.3744467054 -0.5083136664
123040497.188070 0.8341854612 0.9732008820 0.9350332116 -0.4236167800 -0.4029503094 -0.5284458426
123360883.990101 0.8679593686 0.9895447570 0.9805839825 -0.4253890465 -0.4340622871 -0.5456678085
123681270.792131 0.9058492988 1.0047616802 1.0245663894 -0.4300743859 -0.4668066321 -0.5596469803
124001657.594161 0.9474367032 1.0191380380 1.0663420681 -0.4379246674 -0.5005295321 -0.5703106851
124322044.396192 0.9914290635 1.0326888974 1.1045701932 -0.4489385917 -0.5339434175 -0.5774764617
124642431.198222 1.0367623060 1.0455551391 1.1384264406 -0.4630120456 -0.5660702162 -0.5812060823
124962818.000253 1.0824409023 1.0578916510 1.1672735398 -0.4799800908 -0.5960522741 -0.5816444443
125283204.802283 1.1268006431 1.0696643369 1.1902297173 -0.4993213605 -0.6226876409 -0.5790309482
125603591.604314 1.1685767054 1.0809240458 1.2068845559 -0.5205237533 -0.6451590507 -0.5737284876
125923978.406344 1.2063525755 1.0916314650 1.2169313380 -0.5428788298 -0.6626745911 -0.5661967762
126244365.208375 1.2386365653 1.1016370215 1.2202870293 -0.5654490602 -0.6745736895 -0.5570196926
126564752.010405 1.2642745105 1.1107563326 1.2171711971 -0.5873105220 -0.6805223283 -0.5467893148
126885138.812436 1.2821958748 1.1186479632 1.2080453190 -0.6073749358 -0.6804225167 -0.5361416222
127205525.614466 1.2917094735 1.1248718989 1.1935988235 -0.6246069307 -0.6745141451 -0.5256337791
127525912.416496 1.2925039397 1.1288795938 1.1746852802 -0.6380569912 -0.6633473589 -0.5157028199
127846299.218527 1.2847056128 1.1300554988 1.1522458421 -0.6469613934 -0.6477506676 -0.5066097284
128166686.020557 1.2688430757 1.1277710447 1.1271601722 -0.6508331673 -0.6287131025 -0.4983888586
128487072.822588 1.2459493348 1.1214854888 1.1003740651 -0.6494976641 -0.6074489070 -0.4909134161
128807459.624618 1.2172033706 1.1107672633 1.0724555474 -0.6431424747 -0.5849956242 -0.4838091373
129127846.426649 1.1840605730 1.0954051352 1.0438997165 -0.6322714576 -0.5623773290 -0.4766143521
129448233.228679 1.1482149965 1.0755474166 1.0151245265 -0.6177496927 -0.5405193971 -0.4688473336
129768620.030710 1.1109521453 1.0514358288 0.9860836176 -0.6005073625 -0.5198777635 -0.4599783353
130089006.832740 1.0737471043 1.0237830773 0.9568828137 -0.5817240472 -0.5008513713 -0.4496564072
130409393.634771 1.0377559017 0.9935192042 0.9274979469 -0.5625620895 -0.4835230621 -0.4376836115
130729780.436801 1.0036355390 0.9615601548 0.8977191167 -0.5439796121 -0.4676572031 -0.4239783969
131050167.238832 0.9721560991 0.9293065255 0.8677427328 -0.5269948557 -0.4530489737 -0.4088272448
131370554.040862 0.9434699826 0.8978816664 0.8375757578 -0.5122270793 -0.4392425025 -0.3925866069
131690940.842892 0.9175397175 0.8683984075 0.8073740860 -0.5000868493 -0.4257751436 -0.3757838353
132011327.644923 0.8944121086 0.8421731994 0.7777715050 -0.4908527252 -0.4123707996 -0.3592637629
132331714.446953 0.8736277507 0.8199196605 0.7490827542 -0.4843950247 -0.3986412662 -0.3436913237
132652101.248984 0.8548735875 0.8023850397 0.7219898382 -0.4804747519 -0.3844373126 -0.3298915357
132972488.051014 0.8379087789 0.7901183070 0.6973810147 -0.4786829815 -0.3698417285 -0.3187021984
133292874.853045 0.8223407554 0.7832530955 0.6758916815 -0.4784698050 -0.3549341968 -0.3107268404
133613261.655075 0.8080393333 0.7818090451 0.6583979252 -0.4792517017 -0.3400920375 -0.3065458408
133933648.457106 0.7949707269 0.7855362895 0.6456718751 -0.4804380746 -0.3258111803 -0.3065327866
134254035.259136 0.7832079124 0.7940150762 0.6383600829 -0.4814972514 -0.3126529441 -0.3108745205
134574422.061167 0.7730394676 0.8066503708 0.6370320921 -0.4819923119 -0.3013216017 -0.3195472879
134894808.863197 0.7648613694 0.8227685801 0.6420662410 -0.4816271426 -0.2925105761 -0.3323362443
135215195.665227 0.7592105471 0.8416276254 0.6536539495 -0.4802692732 -0.2869153677 -0.3488262636
135535582.467258 0.7567116670 0.8624920728 0.6717764340 -0.4779662766 -0.2851616782 -0.3684411515
135855969.269288 0.7580418852 0.8846752157 0.6961970825 -0.4749484455 -0.2877654002 -0.3904712935
136176356.071319 0.7638654970 0.9075398336 0.7263988262 -0.4716257013 -0.2950701517 -0.4140674524
136496742.873349 0.7748333065 0.9307157719 0.7618425034 -0.4685385709 -0.3072761038 -0.4384741904
136817129.675380 0.7914215252 0.9538178819 0.8015565065 -0.4663665063 -0.3242893890 -0.4627578827
137137516.477410 0.8139417620 0.9767248421 0.8445265533 -0.4658373342 -0.3457939517 -0.4861352110
137457903.279441 0.8426330537 0.9996115767 0.8898726303 -0.4676954481 -0.3713689721 -0.5080464549
137778290.081471 0.8771858625 1.0225842441 0.9362018774 -0.4726163242 -0.4001112738 -0.5278590870
138098676.883502 0.9172281662 1.0460861617 0.9825235161 -0.4811607107 -0.4311348292 -0.5453316986
138419063.685532 0.9621096082 1.0706476609 1.0278997812 -0.4937285161 -0.4634110853 -0.5604151807
138739450.487562 1.0105180035 1.0966380318 1.0711836518 -0.5103599708 -0.4955751493 -0.5731829130
139059837.289593 1.0613970031 1.1246691652 1.1119151346 -0.5309645542 -0.5266161425 -0.5840836397
139380224.091623 1.1130968206 1.1550253154 1.1495054744 -0.5550083539 -0.5553380368 -0.5936414429
139700610.893654 1.1637456232 1.1877090480 1.1835815016 -0.5815621087 -0.5806850467 -0.6025031343
140020997.695684 1.2120152384 1.2228216819 1.2143862900 -0.6097160704 -0.6021200510 -0.6114624168
140341384.497715 1.2559307989 1.2596424226 1.2418837975 -0.6379392255 -0.6190527302 -0.6211388189
140661771.299745 1.2940410477 1.2972770884 1.2663951479 -0.6647310893 -0.6313984208 -0.6320539366
140982158.101776 1.3254156411 1.3347589915 1.2884513522 -0.6887538470 -0.6394541985 -0.6445844233
141302544.903806 1.3490150424 1.3702883825 1.3082223359 -0.7084211603 -0.6436754978 -0.6586324633
141622931.705837 1.3645767114 1.4022525011 1.3259865609 -0.7226482598 -0.6448436790 -0.6738753761
141943318.507867 1.3721853274 1.4289189456 1.3417848033 -0.7306462199 -0.6438356634 -0.6896459853
142263705.309898 1.3722889132 1.4485348932 1.3553383663 -0.7320265295 -0.6415428839 -0.7049146333
142584092.111928 1.3656807354 1.4597513538 1.3662002736 -0.7269015564 -0.6387399314 -0.7185457071
142904478.913958 1.3533450156 1.4615630313 1.3736685268 -0.7158122627 -0.6359974478 -0.7292954683
143224865.715989 1.3363297129 1.4534988267 1.3769355256 -0.6996524910 -0.6336097248 -0.7360299589
143545252.518019 1.3156481432 1.4356436612 1.3751811097 -0.6795644010 -0.6315864255 -0.7378331091
143865639.320050 1.2921782431 1.4086197583 1.3677102712 -0.6567871914 -0.6296851130 -0.7341268265
144186026.122080 1.2665534401 1.3734040586 1.3540241806 -0.6324624260 -0.6274831857 -0.7246942547
144506412.924111 1.2394041680 1.3315433504 1.3340391718 -0.6077555365 -0.6244995909 -0.7097774118
144826799.726141 1.2109832031 1.2844207521 1.3078733108 -0.5834048622 -0.6202589424 -0.6898492010
145147186.528172 1.1815395588 1.2335538918 1.2759902362 -0.5600075649 -0.6143968780 -0.6656371867
145467573.330202 1.1515054336 1.1807490730 1.2393729556 -0.5381053424 -0.6067622886 -0.6381970324
145787960.132233 1.1209463645 1.1269667223 1.1987135264 -0.5177862326 -0.5972853438 -0.6082650526
146108346.934263 1.0902766152 1.0734946987 1.1551199269 -0.4992632575 -0.5861148800 -0.5767832481
146428733.736293 1.0599760827 1.0214515098 1.1097274057 -0.4826938911 -0.5735238125 -0.5446155473
146749120.538324 1.0302754415 0.9713212683 1.0631595513 -0.4680829778 -0.5597082895 -0.5122026816
147069507.340354 1.0017494932 0.9240760192 1.0164531677 -0.4556348010 -0.5450039281 -0.4802520088
147389894.142385 0.9747084069 0.8802508554 0.9701930006 -0.4454497814 -0.5295997342 -0.4491640001
147710280.944415 0.9493177849 0.8402571488 0.9247450378 -0.4376093201 -0.5135647713 -0.4192312553
148030667.746446 0.9258941816 0.8048907038 0.8808849551 -0.4322289390 -0.4970653881 -0.3910611833
148351054.548476 0.9043195639 0.7744221785 0.8387997040 -0.4292543921 -0.4800147583 -0.3649195852
148671441.350507 0.8844765144 0.7492580137 0.7988864205 -0.4285728026 -0.4623694699 -0.3412461224
148991828.152537 0.8662901337 0.7298580618 0.7618543650 -0.4299398582 -0.4442396981 -0.3206636469
149312214.954568 0.8493793488 0.7162638077 0.7279467786 -0.4329988237 -0.4255539423 -0.3035061257
149632601.756598 0.8335254313 0.7085699667 0.6978006621 -0.4372872015 -0.4064913268 -0.2902831107
149952988.558628 0.8185316870 0.7066563512 0.6720416920 -0.4422612962 -0.3873367286 -0.2814064761
150273375.360659 0.8042186902 0.7102240825 0.6511902854 -0.4473653586 -0.3684136024 -0.2771512562
150593762.162689 0.7905885312 0.7188186630 0.6358505450 -0.4520326706 -0.3502452788 -0.2776990989
150914148.964720 0.7777435641 0.7318482629 0.6265044433 -0.4557647848 -0.3334038817 -0.2830621772
151234535.766750 0.7659487155 0.7485974779 0.6235477525 -0.4581552240 -0.3185509302 -0.2930806299
151554922.568781 0.7555951382 0.7682901175 0.6272284557 -0.4589328396 -0.3063595415 -0.3074269183
151875309.370811 0.7471954585 0.7901197289 0.6376339986 -0.4579807520 -0.2974913408 -0.3256120437
152195696.172842 0.7413603683 0.8132389628 0.6546221416 -0.4553574490 -0.2925554112 -0.3469518748
152516082.974872 0.7387094336 0.8369996932 0.6779635102 -0.4512718327 -0.2920265484 -0.3707821445
152836469.776903 0.7398923193 0.8606792478 0.7071016842 -0.4461075808 -0.2962618513 -0.3962051764
153156856.578933 0.7454651991 0.8837215717 0.7413016541 -0.4403741150 -0.3054056120 -0.4223246158
153477243.380964 0.7559520447 0.9058850695 0.7799782660 -0.4346216680 -0.3195153566 -0.4484650447
153797630.182994 0.7716188793 0.9267653875 0.8219340348 -0.4295238533 -0.3382940531 -0.4736504311
154118016.985024 0.7926166988 0.9462911425 0.8662112158 -0.4257003671 -0.3613567590 -0.4972235099
154438403.787055 0.8189974005 0.9645282539 0.9119232652 -0.4237331509 -0.3882443231 -0.5186661269
154758790.589085 0.8503220544 0.9814307695 0.9576801113 -0.4241448898 -0.4180669826 -0.5373498897
155079177.391116 0.8862520775 0.9972100370 1.0026214825 -0.4273310550 -0.4501300936 -0.5530070543
155399564.193146 0.9261205957 1.0120078361 1.0456824300 -0.4335726242 -0.4835158760 -0.5653754610
155719950.995177 0.9688711851 1.0259071454 1.0856705307 -0.4429583639 -0.5170894132 -0.5742760680
156040337.797207 1.0137626677 1.0391330692 1.1219166092 -0.4555312489 -0.5500611131 -0.5797440746
156360724.599238 1.0594233365 1.0517272240 1.1533883114 -0.4710733106 -0.5812516016 -0.5818241607
156681111.401268 1.1044777540 1.0637418558 1.1793165913 -0.4892151584 -0.6096090229 -0.5807208735
157001498.203299 1.1478398923 1.0752892233 1.1992650704 -0.5095985948 -0.6343564699 -0.5767224612
157321885.005329 1.1877837281 1.0862757583 1.2126731138 -0.5314482636 -0.6544552381 -0.5702624858
157642271.807359 1.2229759569 1.0966441979 1.2194071307 -0.5539969828 -0.6692485751 -0.5618568358
157962658.609390 1.2521584450 1.1062542836 1.2195404649 -0.5763634243 -0.6782590905 -0.5520765994
158283045.411420 1.2740896572 1.1148092834 1.2134028221 -0.5974525747 -0.6812215664 -0.5415763949
158603432.213451 1.2879446264 1.1219427729 1.2015703016 -0.6162479979 -0.6782216300 -0.5309365087
158923819.015481 1.2931910727 1.1271502704 1.1848300620 -0.6317242421 -0.6696527790 -0.5206736844
159244205.817512 1.2897315666 1.1298487468 1.1640725202 -0.6430252727 -0.6561989930 -0.5111347663
159564592.619542 1.2779043357 1.1294083936 1.1402496352 -0.6495043716 -0.6387988544 -0.5024838604
159884979.421573 1.2584835166 1.1252339567 1.1142654412 -0.6508267347 -0.6185514913 -0.4946687422
160205366.223603 1.2325194967 1.1168104881 1.0868109313 -0.6469897119 -0.5965370907 -0.4874151338
160525753.025634 1.2015102133 1.1038659972 1.0585996128 -0.6383667621 -0.5739393895 -0.4803467157
160846139.827664 1.1668802235 1.0862975411 1.0299304947 -0.6256086841 -0.5516171739 -0.4729420130
161166526.629694 1.1300746206 1.0642516904 1.0009478351 -0.6095871502 -0.5302421339 -0.4646733735
